10012402|0|0
106875716|
108975306|
11035652|1|0
111054964|
114275383|
116131436|
117700752|
11973662|1|
120178932|
12661842|
136136200|
13649002|
14277260|
14395149|
14550448|
14562968|
14665138|
14708602|
147632391|
14828486|
14879938|
15040935|
15076722|
15152296|
15446537|
157521039|
15757880|
15781499|
15844056|
15982861|
16332425|
16392490|
16504112|
16515311|
16622902|
167475542|
16868366|
16892009|
17488926|
17529579|
17706059|
17794647|
18043997|
18082624|
18737754|
19055125|
19164638|
19975787|
20193452|
20193926|
202064790|
202069633|
20460104|
20811097|
20974682|
21266666|
21328706|
21413951|
21529237|
22375126|
22498558|
22721735|
22791393|
23031110|
23145863|
23446918|
23779715|
24196664|
24703010|
25080001|
25752396|
26242080|
26964924|
26975476|
27019993|
27218810|
28304346|
28943421|
29033515|
31000651|
33184246|
33879759|
33993011|
35441669|
35643023|
36080987|
36455168|
36628225|
39927848|
40085718|
40362121|
41209211|
42708936|
43340876|
47107805|
47696648|
48119635|
48231020|
48324538|
52079678|
54190848|
56793135|
58795846|
59762639|
59884801|
62955348|
64170661|
6472732|0|0
6773482|2|0
68185240|
6872422|0|0
69024722|
7191762|1|0
72016096|
75185478|
756031|1|0
76362679|
80402562|
8251292|0|0
84502288|
87452646|
89335521|
90207017|
90318720|
93614694|
97298061|
98135132|
99597768|
